Iteration,Time (ns)
1,15381600
2,2614900
3,1425100
4,1268100
5,2033600
6,1216000
7,1234700
8,1541500
9,1995100
10,1403800
11,1234900
12,1684700
13,1408300
14,1280500
15,1294100
16,1369700
17,1398000
18,1257900
19,1568100
20,2738200
21,1507700
22,1637400
23,1674000
24,1620800
25,2182700
26,1674900
27,1619300
28,1916400
29,1357500
30,5370400
31,1009900
32,797900
33,649000
34,870500
35,1120800
36,1143300
37,867200
38,631300
39,759900
40,692000
41,671200
42,669800
43,678400
44,620600
45,784700
46,943700
47,862500
48,856300
49,847900
50,757500
51,543000
52,848700
53,797000
54,950900
55,789800
56,881300
57,566900
58,597100
59,867100
60,739400
61,659400
62,614600
63,634000
64,691800
65,919800
66,1162500
67,1253100
68,1225500
69,1302100
70,1244600
71,1197700
72,915800
73,1211000
74,1996100
75,1157800
76,987200
77,900600
78,1030000
79,1036800
80,1250500
81,1303000
82,1063900
83,929700
84,1162500
85,5520700
86,1111600
87,1144400
88,1009200
89,557100
90,569300
91,477900
92,540900
93,524100
94,525100
95,487300
96,391100
97,337400
98,291600
99,356800
100,342800
101,340200
102,318200
103,340200
104,288500
105,357500
106,293200
107,411100
108,440700
109,326300
110,300600
111,333300
112,336500
113,573400
114,641300
115,379500
116,323000
117,299200
118,299100
119,296800
120,298600
121,532600
122,606100
123,306000
124,309500
125,307700
126,292200
127,381100
128,448100
129,381000
130,397600
131,380500
132,369000
133,391800
134,379300
135,376600
136,389800
137,378800
138,380900
139,374000
140,372900
141,443000
142,383000
143,600500
144,777400
145,885300
146,946800
147,1371700
148,1175800
149,940300
150,916600
151,835500
152,883000
153,826800
154,762800
155,748800
156,763300
157,749500
158,716000
159,699900
160,644100
161,675600
162,663600
163,652700
164,657700
165,931500
166,841100
167,708100
168,646200
169,690700
170,702700
171,694600
172,684700
173,654000
174,679500
175,635900
176,625100
177,612000
178,621800
179,660200
180,699800
181,726100
182,751100
183,658000
184,643200
185,642600
186,650000
187,756200
188,1162900
189,751800
190,3147300
191,488900
192,327000
193,308200
194,299100
195,354700
196,298200
197,292400
198,316300
199,298300
200,292600
201,315300
202,293700
203,292000
204,315600
205,308800
206,290300
207,318000
208,294300
209,288400
210,294200
211,300100
212,296300
213,296300
214,297900
215,289500
216,335900
217,310700
218,282000
219,288600
220,317400
221,283400
222,286700
223,554000
224,504400
225,616500
226,369100
227,313200
228,319000
229,306000
230,336500
231,325300
232,307200
233,321900
234,292600
235,311400
236,293700
237,289800
238,291600
239,290700
240,316800
241,291100
242,327900
243,286300
244,289900
245,323400
246,302400
247,289900
248,329100
249,322200
250,571300
251,518500
252,318900
253,353000
254,301500
255,303000
256,292300
257,292300
258,308200
259,304200
260,289200
261,287400
262,289000
263,289200
264,293400
265,300500
266,297600
267,294900
268,571200
269,332500
270,340200
271,297400
272,298600
273,444200
274,365300
275,294200
276,308800
277,289800
278,290700
279,334200
280,312400
281,290600
282,334100
283,321700
284,290100
285,335200
286,310800
287,289800
288,334300
289,317000
290,310300
291,304900
292,287900
293,293000
294,334900
295,317100
296,2899400
297,576700
298,588500
299,596600
300,602600
301,602400
302,603700
303,747400
304,524200
305,374100
306,435400
307,526500
308,515600
309,439000
310,307300
311,302400
312,302400
313,324400
314,298400
315,302300
316,299000
317,297500
318,299300
319,298900
320,364000
321,303500
322,449500
323,326100
324,290800
325,288900
326,360000
327,291000
328,288100
329,285800
330,297200
331,291500
332,287300
333,290300
334,291300
335,288000
336,319700
337,292400
338,288400
339,306500
340,293600
341,342100
342,293000
343,292800
344,290900
345,310200
346,297700
347,294500
348,470900
349,304700
350,291100
351,317900
352,290600
353,309800
354,305300
355,287200
356,287100
357,369600
358,459300
359,299500
360,293600
361,293900
362,291300
363,287600
364,293600
365,289100
366,286500
367,289000
368,290100
369,286900
370,290900
371,289200
372,287900
373,308200
374,451000
375,285200
376,288400
377,288200
378,283000
379,294100
380,287400
381,295800
382,307900
383,289600
384,504100
385,524800
386,511600
387,519200
388,493000
389,486600
390,611500
391,487100
392,581200
393,985300
394,602500
395,546700
396,511200
397,535100
398,709000
399,568400
400,613400
401,3706900
402,944200
403,958200
404,991200
405,963900
406,997000
407,940600
408,922200
409,1258400
410,1068800
411,921200
412,1181000
413,935900
414,774600
415,620500
416,594400
417,626000
418,724900
419,611700
420,554400
421,594400
422,570500
423,581000
424,566300
425,526000
426,1556500
427,1115700
428,946400
429,860700
430,864600
431,886700
432,878400
433,930600
434,803000
435,822300
436,838400
437,803200
438,938900
439,639300
440,599600
441,598800
442,621900
443,601800
444,705800
445,936900
446,813100
447,831600
448,598500
449,665200
450,568300
451,570600
452,558800
453,620400
454,646600
455,798100
456,712900
457,619400
458,667500
459,622100
460,675000
461,655600
462,831200
463,679600
464,688700
465,675000
466,597500
467,1102100
468,654700
469,748600
470,656900
471,600800
472,610700
473,603900
474,609700
475,626800
476,551700
477,250400
478,278200
479,251400
480,263800
481,556200
482,490100
483,254200
484,254300
485,252200
486,276900
487,252700
488,250100
489,249900
490,311400
491,269900
492,258000
493,276400
494,249400
495,245800
496,246100
497,279700
498,473900
499,326700
500,283400
501,251800
502,312600
503,307300
504,269600
505,292500
506,247200
507,459300
508,382200
509,406000
510,414500
511,262600
512,264500
513,346400
514,302100
515,279900
516,294400
517,281900
518,268900
519,276300
520,258100
521,261000
522,264300
523,265600
524,261200
525,280400
526,259200
527,269900
528,262500
529,259000
530,268600
531,259800
532,288400
533,385500
534,444700
535,412300
536,356500
537,263200
538,267800
539,267300
540,259000
541,260500
542,258300
543,265800
544,260100
545,256300
546,259700
547,266300
548,256800
549,258700
550,3319800
551,410700
552,482800
553,298200
554,473700
555,276500
556,256700
557,251200
558,252300
559,260800
560,247800
561,251000
562,255900
563,257300
564,250600
565,248600
566,263800
567,253300
568,275600
569,255900
570,279400
571,251500
572,277700
573,277400
574,283500
575,281700
576,252000
577,292800
578,513200
579,556600
580,518000
581,370900
582,244300
583,246700
584,253500
585,270600
586,247000
587,254300
588,247300
589,284900
590,248700
591,272000
592,247700
593,247400
594,262000
595,378000
596,249000
597,246100
598,1098200
599,359800
600,388800
