Iteration,Time (ns)
1,14282100
2,4359000
3,1953100
4,1980000
5,2057600
6,2648200
7,3528400
8,2959000
9,2143900
10,2427400
11,3557100
12,3262400
13,2753600
14,3394700
15,3282900
16,3091800
17,2632100
18,2895900
19,3640500
20,2972500
21,3295200
22,2720500
23,1956200
24,1443500
25,1703500
26,1580200
27,1652300
28,1653400
29,1290900
30,6563100
31,1300300
32,1387000
33,1027500
34,2383600
35,1849600
36,2011700
37,2873100
38,1942300
39,1973100
40,6375800
41,1600700
42,3470600
43,1663100
44,1244200
45,1182600
46,1739000
47,1142000
48,1150200
49,1142700
50,1088700
51,1285000
52,2461500
53,1170700
54,1270400
55,2036200
56,1789800
57,1205000
58,1343000
59,1692500
60,1240200
61,1112400
62,956900
63,959400
64,1359100
65,1878300
66,2137300
67,2274300
68,1757200
69,1575600
70,1249900
71,1128300
72,1356700
73,1507000
74,950900
75,843400
76,780300
77,1028600
78,1317000
79,1265100
80,1159800
81,1177200
82,1113800
83,921300
84,5090800
85,532000
86,497600
87,472100
88,364100
89,603800
90,672900
91,729200
92,670400
93,614800
94,653100
95,767600
96,807500
97,739400
98,613700
99,638100
100,686600
101,740500
102,1060800
103,1179000
104,723200
105,681000
106,676300
107,741500
108,746300
109,694400
110,501500
111,704300
112,821200
113,774300
114,1007700
115,1064300
116,841900
117,511000
118,416000
119,376800
120,710700
121,947500
122,657700
123,576100
124,588400
125,584600
126,585900
127,936200
128,602100
129,824600
130,718800
131,706200
132,636300
133,798000
134,771900
135,702200
136,751300
137,697100
138,515400
139,571000
140,737700
141,799900
142,1365700
143,1361800
144,1294900
145,880300
146,770000
147,832500
148,716100
149,718000
150,793200
151,794100
152,658000
153,727400
154,1066600
155,1085600
156,1012000
157,926100
158,907500
159,819600
160,753800
161,1620700
162,1236500
163,1038000
164,932500
165,1018300
166,948800
167,884900
168,840700
169,964400
170,978400
171,960400
172,961500
173,983700
174,967700
175,1365100
176,1412100
177,1068400
178,943500
179,1305900
180,1251800
181,978700
182,956500
183,855400
184,851600
185,645600
186,744000
187,657400
188,4426000
189,688300
190,577500
191,509300
192,293800
193,295100
194,299300
195,288300
196,289800
197,293100
198,326200
199,339600
200,314600
201,356500
202,412000
203,386000
204,330500
205,345200
206,340100
207,309500
208,313500
209,322700
210,299100
211,330500
212,286100
213,285800
214,280600
215,324300
216,373100
217,410000
218,635100
219,349100
220,353500
221,1010100
222,1087700
223,712200
224,763800
225,872700
226,695700
227,719700
228,895300
229,754200
230,707200
231,696600
232,824100
233,539800
234,377000
235,354400
236,342500
237,345500
238,387500
239,356500
240,373300
241,345300
242,343300
243,345500
244,346000
245,684300
246,464100
247,500400
248,839400
249,377700
250,363900
251,349900
252,425800
253,696700
254,833300
255,594400
256,752100
257,814000
258,369600
259,362600
260,366300
261,350100
262,347800
263,365500
264,340200
265,356200
266,368100
267,463700
268,323200
269,315300
270,312000
271,322600
272,314500
273,322100
274,316500
275,318400
276,341700
277,308900
278,415600
279,878700
280,948600
281,443600
282,381300
283,349400
284,351600
285,355500
286,376200
287,365700
288,344900
289,340500
290,347300
291,345700
292,342700
293,3380300
294,371100
295,354000
296,349100
297,351600
298,348600
299,342700
300,434900
301,354900
302,344500
303,346500
304,344900
305,342800
306,346200
307,601200
308,674900
309,689500
310,686200
311,755800
312,684900
313,678300
314,653300
315,676500
316,700500
317,655200
318,692000
319,653500
320,682400
321,654400
322,682700
323,673000
324,671700
325,674600
326,676400
327,655100
328,814700
329,758900
330,444000
331,330600
332,312900
333,321800
334,330200
335,321300
336,306800
337,340000
338,405300
339,335200
340,415100
341,367300
342,358600
343,316400
344,300400
345,414400
346,376200
347,365300
348,437600
349,690600
350,742400
351,1024000
352,407800
353,393400
354,378700
355,375300
356,769000
357,721300
358,771300
359,405300
360,671800
361,1053100
362,955900
363,688300
364,693400
365,542100
366,674300
367,770100
368,629600
369,583600
370,592000
371,579000
372,903900
373,509900
374,661300
375,767700
376,763000
377,543400
378,956700
379,594800
380,612700
381,817100
382,959200
383,757700
384,1073200
385,580500
386,830700
387,734800
388,775200
389,559200
390,670300
391,640800
392,591800
393,555300
394,633600
395,579700
396,598700
397,4923000
398,862400
399,794700
400,800800
401,837800
402,1478500
403,1402100
404,1174900
405,952900
406,946800
407,1062600
408,1263900
409,1311900
410,990700
411,564800
412,640200
413,1027600
414,1153200
415,1150900
416,1063800
417,785600
418,741300
419,1236500
420,688500
421,1205000
422,1127500
423,697900
424,1200400
425,1188400
426,793800
427,784800
428,807900
429,770000
430,1272900
431,1280400
432,1144600
433,1075500
434,1218600
435,1172500
436,1159000
437,1185100
438,1021200
439,784800
440,774500
441,747800
442,742100
443,969400
444,824500
445,1305800
446,799800
447,782300
448,1163700
449,833600
450,786600
451,769500
452,333400
453,319400
454,338800
455,324500
456,323800
457,336700
458,328400
459,320600
460,730900
461,521600
462,345800
463,689500
464,530300
465,422800
466,410200
467,344600
468,327900
469,318300
470,326700
471,328600
472,315700
473,320400
474,350400
475,335400
476,344500
477,339100
478,335200
479,691400
480,720900
481,802800
482,833800
483,614500
484,483900
485,371600
486,325000
487,451400
488,611000
489,396100
490,341000
491,551800
492,848100
493,630800
494,633300
495,422800
496,342100
497,334000
498,355500
499,330200
500,294200
501,316200
502,292800
503,293700
504,292900
505,298300
506,486300
507,617200
508,709400
509,859300
510,766900
511,635600
512,340700
513,649200
514,566000
515,828100
516,557900
517,436800
518,402100
519,400600
520,465700
521,665500
522,366300
523,343000
524,366900
525,293300
526,316400
527,320600
528,283100
529,333400
530,273200
531,699000
532,379600
533,2813800
534,540800
535,446600
536,521600
537,396300
538,507900
539,586500
540,484000
541,582300
542,449800
543,463700
544,404200
545,345600
546,282500
547,256400
548,261300
549,332900
550,446100
551,520600
552,1028600
553,548100
554,596700
555,502600
556,331400
557,267500
558,275900
559,264500
560,261500
561,290500
562,275500
563,272200
564,275400
565,288400
566,280400
567,298600
568,309700
569,248600
570,253600
571,252700
572,261700
573,248400
574,249900
575,273600
576,268500
577,260600
578,269400
579,555800
580,542300
581,567200
582,618200
583,494900
584,477900
585,373000
586,244900
587,250800
588,245500
589,242000
590,241600
591,246000
592,248700
593,240100
594,237200
595,570700
596,568100
597,585300
598,434200
599,439900
600,432500
