Iteration,Time (ns)
1,14086000
2,2504700
3,3211600
4,2426700
5,2112400
6,1985500
7,1774700
8,1389000
9,2004200
10,2524700
11,1237000
12,1280500
13,1171700
14,1204600
15,1693600
16,1763600
17,1895000
18,1449600
19,1536900
20,2620700
21,1174100
22,1138700
23,1020900
24,1081400
25,2049800
26,1778800
27,1548800
28,1805300
29,2830800
30,7044800
31,1011200
32,1360300
33,1139200
34,1133500
35,1137900
36,1107600
37,1017000
38,843200
39,845200
40,677100
41,532300
42,594200
43,1006500
44,968900
45,1059100
46,1235100
47,1133700
48,1058500
49,968300
50,1029400
51,2051700
52,1303700
53,940700
54,1042700
55,1038300
56,973300
57,645100
58,643000
59,593300
60,582400
61,566100
62,759400
63,1099300
64,1152500
65,1439300
66,2022000
67,1656400
68,1457700
69,1183300
70,1192400
71,999800
72,893000
73,1192700
74,1547200
75,1244700
76,1115400
77,1622300
78,1157300
79,1116100
80,780300
81,720400
82,697700
83,658300
84,629100
85,3573200
86,332100
87,305400
88,331400
89,318100
90,304900
91,420400
92,497100
93,341100
94,304100
95,296300
96,294100
97,314000
98,290600
99,308100
100,288400
101,500900
102,369500
103,326100
104,307200
105,355900
106,346300
107,323500
108,295000
109,303500
110,528500
111,341200
112,307900
113,303600
114,298600
115,301700
116,290800
117,304500
118,306700
119,339500
120,364900
121,601700
122,470100
123,315000
124,298400
125,341500
126,308000
127,300100
128,317600
129,315600
130,311800
131,308500
132,306500
133,287700
134,292300
135,307200
136,302600
137,359700
138,453700
139,491800
140,372800
141,552700
142,410400
143,624000
144,668400
145,648200
146,621700
147,629500
148,632400
149,780700
150,706700
151,726900
152,667100
153,642700
154,668400
155,648700
156,672700
157,617800
158,641200
159,666900
160,595100
161,617300
162,600200
163,1150200
164,762100
165,1274400
166,1009600
167,995100
168,982600
169,1024500
170,702200
171,638700
172,660000
173,638200
174,681900
175,655200
176,649500
177,729200
178,653100
179,660800
180,943700
181,750800
182,905700
183,980100
184,674600
185,665100
186,674200
187,618500
188,1095800
189,985800
190,3620900
191,590800
192,568500
193,518800
194,524300
195,548600
196,536800
197,525500
198,530100
199,532100
200,503400
201,574000
202,527600
203,797400
204,603000
205,358400
206,343900
207,336800
208,314300
209,312100
210,326400
211,299600
212,294800
213,289900
214,292200
215,289700
216,307600
217,295900
218,292900
219,308300
220,317200
221,377300
222,288100
223,298800
224,286500
225,464900
226,313800
227,324300
228,325900
229,304900
230,299100
231,284600
232,286600
233,284600
234,347400
235,284900
236,290000
237,286700
238,308600
239,275400
240,275300
241,892900
242,636800
243,626600
244,533700
245,623100
246,796600
247,591300
248,572400
249,647500
250,942400
251,553200
252,531800
253,508000
254,544300
255,511000
256,609900
257,503600
258,536900
259,507800
260,507800
261,515700
262,514000
263,506500
264,509500
265,512300
266,661000
267,416200
268,349700
269,431200
270,665200
271,559200
272,541400
273,644300
274,668300
275,538400
276,547500
277,521000
278,519000
279,524700
280,519600
281,507300
282,532900
283,647500
284,394300
285,534800
286,307600
287,298300
288,316100
289,302600
290,295400
291,297400
292,294600
293,289600
294,292000
295,2882500
296,420400
297,335300
298,344800
299,340600
300,439800
301,331200
302,288300
303,279900
304,310400
305,282300
306,308300
307,413000
308,451000
309,335200
310,288100
311,284200
312,278800
313,285500
314,277500
315,275900
316,284600
317,276200
318,272300
319,296600
320,286900
321,278100
322,274600
323,284500
324,280900
325,279500
326,278100
327,282000
328,343600
329,287600
330,282900
331,285100
332,274300
333,281100
334,279700
335,275400
336,276700
337,278000
338,272900
339,276000
340,290500
341,286200
342,285400
343,277800
344,703100
345,509800
346,477400
347,595300
348,530000
349,528500
350,518300
351,521600
352,512600
353,639700
354,659300
355,503900
356,552500
357,572300
358,499600
359,518700
360,609100
361,527500
362,486100
363,465000
364,491100
365,566100
366,327000
367,300600
368,319700
369,308900
370,316400
371,286800
372,295000
373,279900
374,281600
375,285200
376,933600
377,625100
378,566300
379,531600
380,330400
381,313300
382,306900
383,299800
384,308300
385,317400
386,312100
387,320400
388,460500
389,837100
390,521600
391,715800
392,353100
393,344300
394,347900
395,390200
396,372500
397,691500
398,403600
399,367700
400,4057700
401,940800
402,723300
403,655200
404,749400
405,663300
406,619900
407,608100
408,632800
409,612000
410,611300
411,938700
412,848100
413,671800
414,596700
415,591000
416,674600
417,677600
418,757300
419,834000
420,880300
421,793400
422,1020900
423,971600
424,796700
425,869200
426,927200
427,940200
428,871100
429,904300
430,1040100
431,1219100
432,1073700
433,1021300
434,1019600
435,991100
436,1111000
437,1394500
438,1174800
439,1219000
440,1163500
441,1138700
442,1228400
443,1145900
444,1219200
445,1487000
446,1039200
447,991500
448,1143400
449,1116700
450,1644200
451,1260700
452,1170700
453,1079000
454,1185900
455,1161600
456,1084300
457,1193600
458,1745700
459,978300
460,1068300
461,1062600
462,905800
463,1011600
464,569600
465,523400
466,508100
467,506400
468,506500
469,506800
470,564500
471,484100
472,506800
473,497700
474,489900
475,493300
476,522300
477,454000
478,454800
479,446900
480,456300
481,441200
482,724200
483,708500
484,443600
485,459000
486,438900
487,445200
488,446900
489,445000
490,488100
491,729000
492,1428600
493,1050100
494,495400
495,517600
496,474100
497,499600
498,457000
499,469600
500,469500
501,477700
502,454200
503,503100
504,451100
505,495900
506,446600
507,520500
508,481700
509,520900
510,634000
511,1717900
512,504600
513,1069200
514,1034600
515,953100
516,901100
517,875200
518,920000
519,922200
520,941600
521,929800
522,1733700
523,582100
524,689800
525,1097900
526,1012100
527,943900
528,1061900
529,603100
530,527900
531,524900
532,526100
533,507100
534,484400
535,497500
536,484600
537,491000
538,483900
539,504100
540,475900
541,500400
542,6129200
543,547600
544,506900
545,612600
546,465700
547,490000
548,460100
549,571600
550,460300
551,473500
552,445900
553,472700
554,449600
555,461600
556,448600
557,461000
558,447600
559,463600
560,452800
561,458200
562,444200
563,442100
564,460100
565,446300
566,466500
567,444800
568,729600
569,1088600
570,905900
571,884100
572,904800
573,562100
574,489500
575,837600
576,870600
577,717700
578,738000
579,676600
580,454100
581,476100
582,456600
583,530800
584,512200
585,492600
586,513300
587,447800
588,468600
589,468100
590,451000
591,473400
592,443700
593,697000
594,980400
595,1101400
596,653900
597,491500
598,460100
599,472500
600,454900
