Iteration,Time (ns)
1,21838100
2,6163900
3,4907800
4,3415000
5,3495600
6,3292100
7,3244400
8,2960400
9,2974300
10,3193100
11,3538100
12,3999600
13,3809400
14,3546300
15,2769400
16,3452700
17,2515600
18,2869000
19,3602100
20,2883600
21,2536100
22,2266100
23,2283400
24,2061900
25,2446300
26,2738300
27,2719800
28,2743600
29,2523700
30,7927400
31,1622600
32,1651000
33,1439800
34,1503100
35,1396500
36,1473200
37,1526700
38,1668000
39,2876000
40,1544300
41,1445000
42,1580900
43,1422500
44,1446200
45,1710600
46,1551900
47,2200900
48,1905700
49,1501900
50,1616600
51,1521800
52,1448600
53,1472500
54,1456900
55,1606400
56,1866100
57,1493600
58,1348300
59,1369500
60,1487900
61,1494900
62,1599800
63,1411600
64,1989300
65,2886500
66,1547000
67,1415800
68,1332500
69,1469000
70,1329700
71,1396300
72,1400400
73,1628100
74,2096000
75,1607300
76,1574800
77,1491100
78,1347100
79,1374700
80,1302400
81,1275400
82,1234500
83,1280900
84,1678800
85,4357500
86,702300
87,626300
88,661000
89,660200
90,496400
91,383000
92,395100
93,365300
94,402600
95,364500
96,355000
97,370200
98,442900
99,380900
100,371800
101,390200
102,341800
103,361900
104,441400
105,354800
106,583500
107,612200
108,439900
109,689800
110,593900
111,668700
112,602900
113,575500
114,566500
115,551000
116,569300
117,693400
118,675400
119,636800
120,1115200
121,864000
122,503500
123,518700
124,519400
125,631100
126,631500
127,581000
128,619600
129,511700
130,669000
131,545900
132,434300
133,409100
134,372000
135,398700
136,740300
137,713700
138,620600
139,602000
140,709300
141,401100
142,648200
143,697400
144,664800
145,735400
146,727400
147,711900
148,662600
149,634000
150,673000
151,957900
152,938100
153,1178000
154,1115200
155,1014900
156,998200
157,1130700
158,1054300
159,1136900
160,1048900
161,997000
162,958300
163,938400
164,925500
165,1115000
166,975100
167,728100
168,749700
169,1132600
170,1102100
171,665300
172,635500
173,686900
174,789400
175,579800
176,623000
177,760900
178,697300
179,686400
180,897100
181,666100
182,629100
183,593000
184,624400
185,670900
186,665800
187,642300
188,647700
189,4339100
190,433400
191,413100
192,401300
193,376200
194,444700
195,388900
196,406000
197,375200
198,360500
199,369300
200,368500
201,343300
202,348800
203,345800
204,346700
205,354200
206,337300
207,349300
208,394900
209,402900
210,464300
211,436900
212,441500
213,440300
214,432400
215,441900
216,423000
217,452500
218,457100
219,412800
220,237000
221,231100
222,257900
223,240200
224,235400
225,361600
226,233300
227,228300
228,240400
229,252300
230,228500
231,233100
232,237800
233,243700
234,236800
235,234300
236,228800
237,230500
238,234000
239,223900
240,226800
241,226500
242,285600
243,298500
244,230200
245,233800
246,234900
247,235300
248,260600
249,559100
250,424700
251,257000
252,247100
253,241600
254,241800
255,237100
256,243200
257,235900
258,239200
259,249800
260,245000
261,245700
262,274800
263,250400
264,246300
265,270700
266,236100
267,228000
268,233500
269,237500
270,232300
271,234700
272,232000
273,228800
274,386300
275,305200
276,260500
277,366700
278,229800
279,223000
280,252200
281,233200
282,236600
283,258700
284,247700
285,244900
286,252300
287,280500
288,248600
289,239500
290,234900
291,234000
292,231900
293,233800
294,3212400
295,498600
296,442800
297,501900
298,387600
299,299000
300,249300
301,253600
302,239500
303,236600
304,241400
305,270800
306,243400
307,239300
308,245900
309,235700
310,231100
311,234200
312,252200
313,227700
314,231000
315,233800
316,246900
317,234800
318,232100
319,229600
320,385100
321,839400
322,583600
323,362400
324,278000
325,271100
326,335800
327,282800
328,279000
329,243300
330,237200
331,236000
332,234200
333,327900
334,249400
335,243000
336,242600
337,268400
338,243500
339,269400
340,276700
341,235700
342,287900
343,303000
344,259000
345,255000
346,367400
347,416900
348,408300
349,275900
350,282500
351,234600
352,258100
353,252100
354,539000
355,462000
356,414700
357,450500
358,443600
359,443800
360,444600
361,428300
362,470800
363,423800
364,485000
365,309600
366,310200
367,262900
368,335300
369,256600
370,272100
371,311400
372,392900
373,444500
374,342200
375,437900
376,444000
377,454100
378,347900
379,443000
380,296600
381,329800
382,442700
383,407100
384,424500
385,463400
386,859300
387,472500
388,294100
389,270500
390,259400
391,635900
392,532500
393,279300
394,330500
395,325700
396,298500
397,290000
398,287600
399,259000
400,1199700
401,1154000
402,850200
403,885800
404,928700
405,950600
406,1074100
407,956800
408,669300
409,1141600
410,754100
411,723200
412,790000
413,1264800
414,881200
415,858700
416,628900
417,634900
418,636700
419,651000
420,711700
421,725900
422,687500
423,676300
424,662500
425,731200
426,689200
427,1180400
428,1018700
429,1087900
430,761600
431,856100
432,1544000
433,897700
434,825000
435,859100
436,784900
437,797100
438,804800
439,804800
440,826600
441,811500
442,804400
443,843000
444,821900
445,1041200
446,795300
447,945000
448,1475600
449,1338100
450,1157000
451,852300
452,742200
453,800500
454,698800
455,665100
456,669100
457,706700
458,980000
459,873500
460,764300
461,760900
462,744200
463,884500
464,809300
465,737700
466,2170500
467,850600
468,835600
469,778700
470,903100
471,345900
472,279600
473,295700
474,343900
475,373700
476,332700
477,318400
478,455600
479,456600
480,477500
481,367900
482,267500
483,274100
484,284400
485,274700
486,362500
487,281900
488,411500
489,249700
490,329300
491,331900
492,238700
493,240700
494,235500
495,288500
496,434300
497,434700
498,622700
499,296200
500,281600
501,258100
502,395800
503,298200
504,263600
505,251000
506,246400
507,294500
508,240200
509,236500
510,233000
511,249100
512,230900
513,381500
514,425100
515,432900
516,444600
517,258900
518,246000
519,256800
520,246800
521,243200
522,238400
523,264700
524,235100
525,232200
526,230700
527,244800
528,230800
529,228000
530,244200
531,301600
532,453300
533,484400
534,472100
535,352300
536,266400
537,241500
538,266400
539,371400
540,410400
541,419300
542,503100
543,458800
544,485800
545,428600
546,416500
547,506100
548,2801700
549,464100
550,439300
551,449900
552,424900
553,295400
554,295700
555,298000
556,247500
557,344400
558,264500
559,252300
560,246500
561,268700
562,253400
563,248400
564,282200
565,246400
566,245300
567,246500
568,270700
569,259700
570,255400
571,263900
572,276400
573,364200
574,244000
575,285600
576,239000
577,238400
578,242600
579,272800
580,245200
581,240600
582,243900
583,263000
584,252800
585,245700
586,241000
587,251200
588,240200
589,237600
590,489100
591,570000
592,466400
593,468600
594,449400
595,339100
596,425700
597,438600
598,485600
599,346000
600,325800
